F1-Gold:  0.7746029096789566
F1-Pred:  0.7636554417366199
Prec-Gold:  0.7969261223940945
Prec-Pred:  0.7850915327339343
Rec-Gold:  0.766589646919265
Rec-Pred:  0.7559240386590497
Pearson F1 Scores:  (0.9836660698339711, 0.0)
std dev gold:  0.2478098869849096
std dev pred:  0.25743908914168173