F1-BL2:  0.21952872081249894
F1-Pred:  0.7636554417366199
Prec-BL2:  0.2275370696459407
Prec-Pred:  0.7850915327339343
Rec-BL2:  0.21523822024489137
Rec-Pred:  0.7559240386590497
Pearson F1 Scores:  (0.13328929068276452, 2.2057873647309437e-07)
std dev BL2:  0.12085334580210048
std dev pred:  0.25743908914168173