F1-Gold:  0.7765586591435497
F1-Pred:  0.39001201039001115
Prec-Gold:  0.7983920579027256
Prec-Pred:  0.39635091945525264
Rec-Gold:  0.7693023221414002
Rec-Pred:  0.38933528737602835
Pearson F1 Scores:  (0.5281452393797889, 1.630686585891851e-108)
std dev gold:  0.24976443288680233
std dev pred:  0.36181762192100947